0 0.2699299153087479 0.057615512435677536 0.01423804674099488 0.015745604631217838
0 0.2280533072469983 0.05954183640651802 0.014238046740994853 0.011222930960548896
0 0.23190595518867924 0.07419864922813037 0.020268278301886794 0.023115887650085765
0 0.23224096805317324 0.109877519296741 0.021273316895368766 0.01775568181818181
0 0.18207279159519724 0.08550533340480276 0.018425707547169795 0.016248123927958838
0 0.22101803709262435 0.17118487349914235 0.020268278301886794 0.022110849056603765
0 0.2490753644939966 0.15435047705831906 0.009380360205831911 0.009212853773584911
0 0.27361505681818177 0.1639820969125214 0.009882879502572883 0.009380360205831911
0 0.21297772834476844 0.256864413593482 0.03299876715265865 0.030988689965694705
0 0.25192297384219553 0.252844259219554 0.011390437392795882 0.011222930960548883
0 0.22420065930531732 0.3187580403087479 0.010217892367066883 0.010385398799313939
0 0.31055022512864494 0.27914276908233276 0.04087156946826759 0.03869398584905659
0 0.3848393278301887 0.2919570111492281 0.04874437178387653 0.04656678816466553
0 0.3979048295454546 0.2485728451972556 0.012227969554030882 0.012395475986277882
0 0.33885881217838765 0.2263782429245283 0.023115887650085765 0.016918149656946824
0 0.3879381968267581 0.20250857632933106 0.024120926243567764 0.026131003430531735
0 0.2343347984562607 0.3680886846054888 0.017420668953687823 0.017253162521440824
0 0.25049916916809606 0.37554272084048024 0.022278355488850737 0.02211084905660382
0 0.18098399978559176 0.4228632879502573 0.012562982418524882 0.011222930960548883
0 0.05501916273584906 0.25778569897084047 0.03601388293310464 0.03886149228130362
0 0.12403181282161235 0.3047712532161235 0.01926323970840478 0.019263239708404767
0 0.05376286449399657 0.3256258040308748 0.009380360205831897 0.00837532161234994
0 0.04480127036878216 0.34530780981989706 0.015243085334476845 0.016248123927958824
0 0.029223172169811323 0.3447215373070326 0.011222930960548883 0.009380360205831884
0 0.03902229845626073 0.38031665415951976 0.011390437392795882 0.010217892367066883
0 0.06833592409948543 0.36565984133790735 0.013065501715265875 0.010385398799313883
0 0.09530445969125215 0.4169168096054888 0.016415630360205838 0.017085656089193824
0 0.11615901050600344 0.41365043417667235 0.015243085334476852 0.01457305960548888
0 0.024569978085372788 0.4938736765795378 0.04492393891854022 0.03657547815907558
0 0.008790737564322472 0.5048183225235849 0.017581475128644945 0.027214770047169767
0 0.24220760077186965 0.5706877144082332 0.025460977701543763 0.024455939108061764
0 0.1870142313464837 0.6727828848627788 0.029983651372212705 0.030988689965694705
0 0.11456769939965696 0.7098855596054889 0.024120926243567736 0.021105810463121766
0 0.19178816466552315 0.7342577454974271 0.03450632504288165 0.030653677101200705
0 0.254351817109777 0.6824982579331046 0.014908072469982825 0.013568021012006826
0 0.19513829331046312 0.8051967195540308 0.019430746140651822 0.018425707547169767
0 0.34966297705831906 0.4398651908233276 0.013568021012006881 0.012395475986277882
0 0.29103572577186965 0.5980750160806174 0.019263239708404822 0.02026827830188671
0 0.32813840051457976 0.6659151211406518 0.019430746140651822 0.019598252572898822
0 0.2918732579331046 0.7025990298027445 0.019598252572898767 0.02060329116638082
0 0.26306215158662094 0.7675915255145798 0.018258201114922823 0.019263239708404822
0 0.2889418953687821 0.8113107043310464 0.013400514579759826 0.011892956689536827
0 0.30075109884219553 0.8441419650514579 0.031323702830188704 0.030318664236706705
0 0.3353411771012007 0.9102232525728988 0.096483704974271 0.09179352487135506
0 0.4130641616638079 0.935432970626072 0.03484133790737565 0.03701892152658659
0 0.33006472448542024 0.7547772834476844 0.005527712264150941 0.005360205831903997
0 0.4145717195540309 0.7432193396226414 0.010385398799313883 0.011390437392795882
0 0.3806516670240137 0.8008415523156089 0.03902899871355059 0.038861492281303645
0 0.42906102594339623 0.8017628376929674 0.022278355488850765 0.02328339408233271
0 0.4686762971698113 0.46859254395368777 0.009715373070325883 0.011557943825042882
0 0.5484093589193826 0.9335066466552315 0.018425707547169767 0.01574560463121788
0 0.5161643707118353 0.8701054620497427 0.027973574185248706 0.025293471269296708
0 0.5502519296740995 0.798328955831904 0.020435784734133766 0.018425707547169767
0 0.5385264794168096 0.7729517313464838 0.01809069468267588 0.014573059605488825
0 0.5716089997855918 0.7751293149656946 0.03567887006861059 0.03534385720411659
0 0.5664163003859348 0.6894497748713551 0.02127331689536871 0.021440823327615766
0 0.4829143439108062 0.49807367602915953 0.022110849056603765 0.021273316895368766
0 0.5278060677530017 0.5061977379931389 0.01440555317324177 0.016080617495711824
0 0.6128155821183534 0.46281357204116635 0.02462344554030882 0.024790951972555764
0 0.4881070433104631 0.21029762542881647 0.023115887650085765 0.024288432675814736
0 0.5630661717409948 0.22361438679245282 0.04204411449399659 0.04321665951972556
0 0.5575384594768439 0.14589140222984565 0.027303548456260707 0.032161234991423676
0 0.48132303280445965 0.08726415094339623 0.023283394082332765 0.022110849056603765
0 0.4109703312607204 0.031149496140651805 0.026968535591766707 0.026801029159519728
0 0.4417915147941681 0.024365485634648375 0.012562982418524882 0.013233008147512867
0 0.4355250991638079 0.009712022941680963 0.023481051672384234 0.019424045883361926
0 0.5829156839622641 0.10434980703259006 0.037186427958833645 0.03283126072041166
0 0.5899509541166381 0.0820714515437393 0.01507557890222977 0.015075578902229853
0 0.7378591337907376 0.9554499892795884 0.012730488850771882 0.01440555317324188
0 0.7913774388936535 0.7830858704974271 0.02227835548885082 0.023450900514579764
0 0.6948937339193825 0.7552798027444254 0.031993728559176704 0.03182622212692965
0 0.7279762542881647 0.7211922437821612 0.022445861921097765 0.02227835548885071
0 0.6665851468696398 0.601676404373928 0.020268278301886822 0.021105810463121766
0 0.6972388239708405 0.6151606721698113 0.00787280231560894 0.00753778945111494
0 0.6953962532161235 0.5921285377358491 0.013568021012006937 0.013735527444253881
0 0.663623046875 0.562451171875 0.012597656249999978 0.009667968749999978
0 0.662109375 0.5369140625 0.041210937500000044 0.044921875
0 0.6777086275894538 0.442855461393597 0.028689971751412413 0.028322151600753298
0 0.6709039548022598 0.4163724105461393 0.017287547080979238 0.01802318738229758
0 0.6912260181261769 0.39448711158192085 0.01342543549905828 0.013609345574387921
0 0.729847133945386 0.39678598752354044 0.034391184086629 0.0354946445386064
0 0.7156860581450093 0.264094868173258 0.027770421374764598 0.028322151600753298
0 0.8561014006591336 0.8070893655838041 0.01839100753295675 0.016367996704331533
0 0.8994122233992465 0.7657095986346515 0.021517478813559365 0.019678378060263624
0 0.8323770009416196 0.7440082097457626 0.032000353107344615 0.03512682438794723
0 0.8501243232109228 0.6995939265536723 0.018574917608286223 0.016184086629001948
0 0.79393979519774 0.6889271421845573 0.02317266949152541 0.02023010828625227
0 0.8661244997645949 0.6696165842749529 0.025195680320150626 0.02390830979284364
0 0.9179871410075329 0.5291092867231638 0.019310557909604453 0.01949446798493404
0 0.9463092926082861 0.6696165842749529 0.017471457156308934 0.017287547080979238
0 0.9463092926082861 0.6515933968926553 0.021885298964218536 0.01986228813559321
0 0.9579875823917137 0.6293402777777777 0.013609345574387977 0.012505885122410576
0 0.9819878472222221 0.48543064383239165 0.026666960922787197 0.029241701977401113
0 0.7892530487804877 0.42772800543153733 0.016006097560975707 0.017193887510909056
0 0.8480093573446327 0.42290121822033894 0.013977165725047147 0.013425435499058391
0 0.9207457921374764 0.40230328978342744 0.021517478813559365 0.01931055790960451
0 0.9024467396421845 0.2612442620056497 0.0077242231638418035 0.008643773540489619
0 0.9232285781544256 0.20533559910546137 0.026115230696798553 0.025931320621468912
0 0.9185388712335216 0.1657949329096045 0.024460040018832285 0.023356579566854996
0 0.9410678554613936 0.149886711393597 0.01875882768361581 0.01802318738229755
0 0.7514565677966101 0.08009283780602636 0.02390830979284364 0.021149658662900195
0 0.7909972339924669 0.0926906779661017 0.01949446798493415 0.020965748587570623
0 0.8187676553672316 0.030712982580037664 0.027954331450094183 0.024276129943502825
0 0.7662613288606402 0.01213806497175141 0.03034516242937846 0.02427612994350282
0 0.6660303378060264 0.13618541078154422 0.023356579566854996 0.024092219868173254
0 0.7050192737758945 0.1257944915254237 0.017471457156308823 0.01728754708097928
0 0.7119159016007532 0.027862376412429377 0.017287547080979238 0.020046198210922784
0 0.21586305765993263 0.7006918139730639 0.030579229797979807 0.029592803030302983
0 0.2267137521043771 0.712857744107744 0.016769255050505055 0.01446759259259256
0 0.5613547120418849 0.8182775687172775 0.016872545811518314 0.012782231675392719
0 0.563016402159686 0.8302928664921466 0.01815076897905754 0.012782231675392719
0 0.01520647321428576 0.46359688895089285 0.020054408482142853 0.0213623046875
0 0.031991141183035754 0.4642508370535714 0.02049037388392857 0.025285993303571452
0 0.05117361886160718 0.46337890625 0.02049037388392857 0.023542131696428603
0 0.06163678850446433 0.4777657645089286 0.03095354352678572 0.03487723214285715
0 0.7984470274390244 0.43172002032520324 0.010003810975609762 0.016831808943089444
0 0.7214068825910931 0.7392973494433199 0.02708280617408898 0.024908274291498
0 0.7393961918016194 0.7476989498987854 0.030641131072874472 0.030245761639676183
0 0.744634836791498 0.7699384805161944 0.039536943319838036 0.034792510121457565
0 0.3338828363914373 0.11647075688073394 0.010153860856269126 0.010153860856269112
