0 0.07998331310679613 0.43445176980221534 0.1583358616504854 0.26314289514183115
0 0.18332827669902915 0.38790302661828135 0.08438258495145629 0.09974730682271578
0 0.45875682645631066 0.4501263465886421 0.4171723300970873 0.42938840651302407
0 0.8767966853762136 0.08405373054927519 0.24445350424757284 0.16653050367640068
0 0.8412422254247574 0.28899169722417495 0.3155624241504854 0.3085136701309064
0 0.3355013652912621 0.712794254555127 0.13652912621359226 0.13394638344764695
0 0.48720039441747576 0.8320160355670397 0.29391686893203883 0.3096916383257652
0 0.9137733237257282 0.6851500009499744 0.17050022754854366 0.23635361845230182
0 0.08567202669902915 0.8453156764767351 0.13558100728155337 0.13489635779833936
0 0.19375758495145634 0.7892671897858758 0.10524120145631066 0.10449717857617843
0 0.02025182038834955 0.9099139323238273 0.038872876213592256 0.16149563961773028
0 0.3580258534136546 0.7925596711700029 0.014118975903614439 0.014932528548636822
0 0.6449155998995983 0.6367505246033056 0.04902422188755018 0.04361870181312337
0 0.6602111571285141 0.6007945677032985 0.05137738453815266 0.03929612775957053
