0 0.87125 0.0053125 0.01875 0.010625
0 0.258125 0.02125 0.0475 0.03375
0 0.955625 0.018125 0.0175 0.02
0 0.618125 0.0325 0.035 0.04375
0 0.583125 0.03875 0.0375 0.04125
0 0.9575 0.0425 0.01875 0.01875
0 0.923125 0.0675 0.015 0.01375
0 0.65625 0.101875 0.02625 0.025
0 0.685 0.104375 0.02375 0.025
0 0.365625 0.101875 0.0175 0.0175
0 0.63 0.115625 0.02375 0.0225
0 0.835 0.131875 0.02375 0.025
0 0.26875 0.16625 0.02875 0.03375
0 0.375 0.19625 0.05625 0.05875
0 0.3325 0.196875 0.02875 0.0275
0 0.24375 0.198125 0.02375 0.025
0 0.486875 0.201875 0.02 0.02
0 0.57875 0.240625 0.03875 0.0375
0 0.79 0.275625 0.03125 0.0325
0 0.17125 0.2975 0.01875 0.02125
0 0.545 0.320625 0.02625 0.0275
0 0.493125 0.388125 0.02 0.02
0 0.22375 0.450625 0.03625 0.04
0 0.695 0.44375 0.01375 0.01375
0 0.286875 0.453125 0.02 0.0225
0 0.986875 0.46375 0.0225 0.02375
0 0.866875 0.475 0.0125 0.01375
0 0.22125 0.573125 0.02125 0.02
0 0.741875 0.583125 0.0175 0.0175
0 0.905 0.58125 0.01375 0.01375
0 0.865 0.596875 0.02125 0.02
0 0.729375 0.621875 0.0275 0.025
0 0.88375 0.629375 0.02125 0.0175
0 0.04625 0.63125 0.01375 0.01375
0 0.40375 0.670625 0.01375 0.0125
0 0.381875 0.696875 0.0125 0.0125
0 0.829375 0.72 0.05 0.05125
0 0.925625 0.71125 0.0225 0.02125
0 0.349375 0.725625 0.0275 0.0275
0 0.19 0.828125 0.03875 0.0325
0 0.433125 0.84 0.015 0.01625
0 0.570625 0.92375 0.0175 0.01875
0 0.37875 0.92625 0.01375 0.01375
